0
127
-0.029681
5760
5887
-0.029600
2048
2175
-0.029670
1152
1279
-0.029569
4352
4479
-0.029428
5376
5503
-0.029650
2176
2303
-0.029626
7680
7807
-0.024632
2816
2943
-0.029670
7936
8063
-0.029661
8448
8575
-0.029673
2560
2687
-0.029421
6656
6783
-0.028866
3072
3199
-0.029682
9216
9343
-0.029667
4096
4223
-0.029625
4736
4863
-0.029675
1408
1535
-0.029637
4864
4991
-0.029615
4992
5119
-0.010148
9088
9215
-0.029677
1024
1151
0.035890
2688
2815
-0.029656
1792
1919
-0.029640
640
767
-0.029308
4480
4607
-0.029683
8704
8831
-0.023551
3200
3327
-0.029645
8064
8191
-0.029694
9344
9471
-0.029676
1664
1791
-0.029691
4224
4351
-0.029496
384
511
-0.029689
5120
5247
-0.029701
9472
9599
-0.029687
8832
8959
-0.029706
3328
3455
-0.029460
9600
9727
-0.029688
2432
2559
-0.029677
256
383
-0.029446
6912
7039
-0.029692
7296
7423
-0.029618
9984
10111
-0.029703
1280
1407
-0.029596
3840
3967
-0.029648
8320
8447
-0.029686
8960
9087
-0.029685
7168
7295
-0.029689
7424
7551
-0.029642
512
639
-0.029695
768
895
-0.029608
3712
3839
-0.029654
6400
6527
-0.029652
6016
6143
-0.029620
1920
2047
-0.029602
5888
6015
-0.029501
896
1023
-0.029690
6784
6911
-0.029703
7040
7167
-0.029561
9728
9855
-0.025852
7552
7679
-0.029642
1536
1663
-0.029686
5248
5375
-0.029673
6144
6271
-0.029602
2304
2431
-0.029640
3968
4095
-0.029577
6528
6655
-0.029332
3456
3583
-0.029648
6272
6399
-0.029663
8192
8319
-0.029233
128
255
-0.029579
10112
10239
-0.029684
5504
5631
-0.029674
4608
4735
-0.029693
5632
5759
-0.029672
7808
7935
-0.029703
8576
8703
-0.029670
9856
9983
-0.029707
3584
3711
-0.029548
2944
3071
-0.029673
