0 3 1
1.42641606761 -5.23257 3 
2.0
1.33309179938 -5.2897 6 
2.0
2.18200185791 -31.95462 6 
2.0
4.58920220638 -173.47544 10 
2.0
1.67623298457 -22.72984 9 
2.0
1.04664005233 -0.22522 3 
2.0
2.01237082529 -12.49014 9 
2.0
4.09890090934 -198.799579 14 
2.0
1.06923831056 -0.78794 2 
2.0
1.12850009824 -0.16941 3 
2.0
1.10646920123 -0.67544 2 
2.0
1.79136378235 -12.15396 11 
2.0
4.41395108124 -181.083026 13 
2.0
1.60688070739 -15.41536 3 
2.0
1.54711404111 -13.16514 4 
2.0
2.23114515158 -17.10352 10 
2.0
1.25747639132 -8.88882 2 
2.0
2.21269546696 -21.43279 9 
2.0
1.33094029031 -1.40757 6 
2.0
3.6905367604 -181.358778 17 
2.0
1.13766673797 -0.16897 2 
2.0
4.41062470762 -256.961859 17 
2.0
1.56941323455 -2.0261 6 
2.0
1.46785754099 -2.0261 6 
2.0
1.65722179548 -12.43565 11 
2.0
1.64940657797 -7.93345 4 
2.0
4.30744275991 -198.236419 16 
2.0
1.26566908282 -6.30176 4 
2.0
1.4993879255 -5.40198 2 
2.0
1.19768619617 -4.27588 2 
2.0
1.03459368186 0 0 
2.0
2.75247966386 -44.89168 13 
2.0
1.62871777789 -0.50669 4 
2.0
3.43325550929 -82.918874 5 
2.0
1.12867536779 0.0 1 
2.0
3.57422872764 -84.7125 4 
2.0
1.61392982685 -6.80999 10 
2.0
2.1463679712 -42.69221 3 
2.0
1.52021748778 -4.83838 4 
2.0
1.37004051248 -2.47676 9 
2.0
1.37454267092 -0.11294 2 
2.0
1.48003540393 -0.78816 7 
2.0
2.15618838244 -17.94705 3 
2.0
2.09411595828 -16.14507 10 
2.0
2.17680896324 -24.07808 8 
2.0
1.13747654191 -1.23794 1 
2.0
1.27031487278 -1.01316 2 
2.0
0.98870986225 0 0 
2.0
1.16018221586 -0.95691 4 
2.0
1.47936271269 -1.57676 2 
2.0
1.56397788843 -8.49639 7 
2.0
1.7439739253 -13.67293 6 
2.0
1.38727935433 -1.74573 5 
2.0
1.78339093081 -9.4533 8 
2.0
1.33685146859 -5.17654 6 
2.0
1.84102566882 -16.09234 10 
2.0
1.99429254757 -21.48948 4 
2.0
1.68528397803 -7.2 1 
2.0
1.178616236 -3.54485 6 
2.0
4.40866529008 -201.49936 15 
2.0
2.35889930966 -46.46162 7 
2.0
1.90807904046 -20.81426 4 
2.0
1.39010801761 -0.00066 4 
2.0
1.82063298749 -7.31602 9 
2.0
1.61354674957 -11.02676 6 
2.0
1.63457415621 -10.24014 8 
2.0
3.24206153936 -89.15361 13 
2.0
1.63708372085 -9.62249 6 
2.0
1.85290136003 -15.91963 6 
2.0
2.06345747368 -23.2897 13 
2.0
1.48825894666 -1.06985 8 
2.0
1.57494867917 -2.75801 4 
2.0
1.11626841253 -0.56316 2 
2.0
1.57328229328 -10.52117 2 
2.0
1.43367935011 -3.15088 4 
2.0
2.45315201535 -27.45 4 
2.0
2.66426745944 -61.4261 6 
2.0
2.34554513715 -24.01875 2 
2.0
1.72754853735 -2.70198 10 
2.0
1.82760944971 -8.43948 6 
2.0
