0
127
1.42641606761
-5.23257
3
5760
5887
1.33309179938
-5.2897
6
2048
2175
2.18200185791
-31.95462
6
1152
1279
4.58920220638
-173.47544
10
4352
4479
1.67623298457
-22.72984
9
5376
5503
1.04664005233
-0.22522
3
2176
2303
2.01237082529
-12.49014
9
7680
7807
4.09890090934
-198.799579
14
2816
2943
1.06923831056
-0.78794
2
7936
8063
1.12850009824
-0.16941
3
8448
8575
1.10646920123
-0.67544
2
2560
2687
1.79136378235
-12.15396
11
6656
6783
4.41395108124
-181.083026
13
3072
3199
1.60688070739
-15.41536
3
9216
9343
1.54711404111
-13.16514
4
4096
4223
2.23114515158
-17.10352
10
4736
4863
1.25747639132
-8.88882
2
1408
1535
2.21269546696
-21.43279
9
4864
4991
1.33094029031
-1.40757
6
4992
5119
3.6905367604
-181.358778
17
9088
9215
1.13766673797
-0.16897
2
1024
1151
4.41062470762
-256.961859
17
2688
2815
1.56941323455
-2.0261
6
1792
1919
1.46785754099
-2.0261
6
640
767
1.65722179548
-12.43565
11
4480
4607
1.64940657797
-7.93345
4
8704
8831
4.30744275991
-198.236419
16
3200
3327
1.26566908282
-6.30176
4
8064
8191
1.4993879255
-5.40198
2
9344
9471
1.19768619617
-4.27588
2
1664
1791
1.03459368186
0
0
4224
4351
2.75247966386
-44.89168
13
384
511
1.62871777789
-0.50669
4
5120
5247
3.43325550929
-82.918874
5
9472
9599
1.12867536779
0.0
1
8832
8959
3.57422872764
-84.7125
4
3328
3455
1.61392982685
-6.80999
10
9600
9727
2.1463679712
-42.69221
3
2432
2559
1.52021748778
-4.83838
4
256
383
1.37004051248
-2.47676
9
6912
7039
1.37454267092
-0.11294
2
7296
7423
1.48003540393
-0.78816
7
9984
10111
2.15618838244
-17.94705
3
1280
1407
2.09411595828
-16.14507
10
3840
3967
2.17680896324
-24.07808
8
8320
8447
1.13747654191
-1.23794
1
8960
9087
1.27031487278
-1.01316
2
7168
7295
0.98870986225
0
0
7424
7551
1.16018221586
-0.95691
4
512
639
1.47936271269
-1.57676
2
768
895
1.56397788843
-8.49639
7
3712
3839
1.7439739253
-13.67293
6
6400
6527
1.38727935433
-1.74573
5
6016
6143
1.78339093081
-9.4533
8
1920
2047
1.33685146859
-5.17654
6
5888
6015
1.84102566882
-16.09234
10
896
1023
1.99429254757
-21.48948
4
6784
6911
1.68528397803
-7.2
1
7040
7167
1.178616236
-3.54485
6
9728
9855
4.40866529008
-201.49936
15
7552
7679
2.35889930966
-46.46162
7
1536
1663
1.90807904046
-20.81426
4
5248
5375
1.39010801761
-0.00066
4
6144
6271
1.82063298749
-7.31602
9
2304
2431
1.61354674957
-11.02676
6
3968
4095
1.63457415621
-10.24014
8
6528
6655
3.24206153936
-89.15361
13
3456
3583
1.63708372085
-9.62249
6
6272
6399
1.85290136003
-15.91963
6
8192
8319
2.06345747368
-23.2897
13
128
255
1.48825894666
-1.06985
8
10112
10239
1.57494867917
-2.75801
4
5504
5631
1.11626841253
-0.56316
2
4608
4735
1.57328229328
-10.52117
2
5632
5759
1.43367935011
-3.15088
4
7808
7935
2.45315201535
-27.45
4
8576
8703
2.66426745944
-61.4261
6
9856
9983
2.34554513715
-24.01875
2
3584
3711
1.72754853735
-2.70198
10
2944
3071
1.82760944971
-8.43948
6
